{
    "accuracy": 0.975051975051975,
    "recall": 0.9753697791099238,
    "precision": 0.9751482173839998,
    "f1": 0.9750620452182951
}{
    "num_epochs": 136,
    "learning_rate": 0.001,
    "n_class": 2,
    "sequence_max_len": 3500,
    "start_kernel_size": 1,
    "Max_kernel_size": 89,
    "paramenter_number_of_layer_list": [
        1024,
        229376
    ],
    "embedding_dim": 50,
    "lstm_output_dim": 20,
    "linear": 32,
    "dropout": 0.6,
    "batch_size": 256,
    "data_path": "ali-data/data_cla.csv"
}